Date    	Days	documents * accesses	documents * bytes	documents * visits	documents / accesses	documents / bytes	documents / visits
6/17/2001	7	               12.00	            14500.00	                5.00	                5.00	             3284.00	                5.00
6/24/2001	7	               15.00	            17841.00	               12.00	               12.00	             9492.00	               12.00
7/1/2001	7	                9.00	            13095.00	                6.00	                6.00	             4746.00	                6.00
7/8/2001	7	              537.00	           881695.00	               31.00	               24.00	            84654.00	               23.00
7/15/2001	7	              731.00	          1313591.00	               58.00	               23.00	           121551.00	               22.00
7/22/2001	7	              341.00	           512245.00	               31.00	               16.00	            95910.00	               16.00
7/29/2001	7	             1309.00	          3844692.00	               72.00	               32.00	           150225.00	               31.00
8/5/2001	7	             1320.00	          3152428.00	               68.00	               34.00	           174261.00	               34.00
8/12/2001	7	              564.00	          1391184.00	               57.00	               26.00	            61301.00	               25.00
8/19/2001	7	             3597.00	          7605733.00	               92.00	               95.00	           340722.00	               57.00
8/26/2001	7	             1906.00	          8515129.00	               97.00	               57.00	           179028.00	               39.00
9/2/2001	7	             2500.00	         15760577.00	              172.00	               86.00	            58112.00	               73.00
9/9/2001	7	              637.00	          5926861.00	               77.00	               32.00	            18160.00	               29.00
9/16/2001	7	              476.00	          3063641.00	               39.00	               24.00	             9080.00	               21.00
9/23/2001	7	             2410.00	         37688974.00	              148.00	              103.00	           126220.00	               69.00
9/30/2001	7	              558.00	          7446687.00	               54.00	               33.00	            61571.00	               31.00
10/7/2001	7	              313.00	          4224194.00	               20.00	               15.00	            16062.00	               15.00
10/14/2001	7	              250.00	          4862169.00	               70.00	               12.00	            18739.00	               12.00
10/21/2001	7	              486.00	          4772322.00	               89.00	               31.00	            63624.00	               27.00
10/28/2001	7	               88.00	           701817.00	               10.00	                8.00	            18375.00	                8.00
11/4/2001	7	              130.00	          1747073.00	               17.00	                9.00	            15750.00	                8.00
11/11/2001	7	              108.00	           994056.00	               15.00	               12.00	            26250.00	               12.00
11/18/2001	7	              137.00	          2461337.00	               23.00	               13.00	            28875.00	               13.00
11/25/2001	7	              185.00	          2364044.00	               50.00	               11.00	            23625.00	               11.00
12/2/2001	7	              247.00	          3088837.00	               28.00	               16.00	            36750.00	               16.00
12/9/2001	7	              143.00	          1581421.00	               11.00	               12.00	            26250.00	               11.00
12/16/2001	7	               85.00	          1404420.00	                5.00	                5.00	            10500.00	                5.00
12/23/2001	7	              108.00	          1745953.00	               13.00	                9.00	            21000.00	                9.00
12/30/2001	7	               91.00	           804471.00	                9.00	                8.00	            21000.00	                8.00
1/6/2002	7	              127.00	          2487160.00	               32.00	               10.00	            26250.00	               10.00
1/13/2002	7	              107.00	          1154459.00	               30.00	               13.00	            31500.00	               11.00
1/20/2002	7	               62.00	           743748.00	                9.00	                6.00	            15750.00	                6.00
1/27/2002	7	              115.00	          1922736.00	               12.00	               12.00	            26250.00	               12.00
2/3/2002	7	               65.00	          1240033.00	                7.00	                6.00	            15750.00	                6.00
2/10/2002	7	               49.00	           618890.00	                7.00	                7.00	            18375.00	                7.00
2/17/2002	7	               75.00	           857660.00	               16.00	                9.00	            23625.00	                9.00
2/24/2002	7	               26.00	           265655.00	                5.00	                5.00	            13125.00	                5.00
3/3/2002	7	               43.00	           610771.00	                5.00	                5.00	            13125.00	                5.00
3/10/2002	7	               63.00	          1118099.00	                5.00	                6.00	            10500.00	                5.00
3/17/2002	7	               64.00	          1119035.00	                9.00	                6.00	            15750.00	                6.00
3/24/2002	7	               37.00	           611841.00	                6.00	                6.00	            15750.00	                6.00
3/31/2002	7	               31.00	           601366.00	                4.00	                4.00	             7875.00	                4.00
4/7/2002	7	               40.00	            90779.00	                5.00	                5.00	            10500.00	                5.00
4/14/2002	7	              130.00	          1583408.00	               34.00	               10.00	            21000.00	                9.00
4/21/2002	7	               18.00	            66860.00	                7.00	                7.00	            13125.00	                7.00
4/28/2002	7	              150.00	          2240600.00	                9.00	                8.00	            13125.00	                8.00
5/5/2002	7	               28.00	           118463.00	                8.00	                6.00	            13125.00	                6.00
5/12/2002	7	               43.00	           699969.00	                4.00	                3.00	             5250.00	                3.00
5/19/2002	7	               35.00	           207786.00	                6.00	                6.00	            10500.00	                6.00
5/26/2002	7	               32.00	           130118.00	                7.00	                5.00	             7875.00	                5.00
6/2/2002	7	              106.00	           905390.00	               12.00	               12.00	            28875.00	               12.00
6/9/2002	7	               83.00	           940013.00	                9.00	                8.00	            13125.00	                8.00
6/16/2002	7	               44.00	           209560.00	                9.00	                8.00	            15750.00	                8.00
6/23/2002	7	               14.00	            61610.00	                3.00	                3.00	             7875.00	                3.00
6/30/2002	7	               70.00	           764225.00	               18.00	                7.00	            15750.00	                6.00
7/7/2002	7	               12.00	            40036.00	                5.00	                4.00	             7875.00	                4.00
7/14/2002	7	               64.00	           927924.00	                5.00	                5.00	            13125.00	                4.00
7/21/2002	7	               40.00	           508094.00	               10.00	                8.00	            15750.00	                8.00
7/28/2002	7	               30.00	           283256.00	                9.00	                9.00	            21000.00	                9.00
8/4/2002	7	               58.00	           449824.00	               11.00	                7.00	             7875.00	                6.00
8/11/2002	7	                1.00	             2625.00	                1.00	                1.00	             2625.00	                1.00
8/18/2002	7	               34.00	           623068.00	                5.00	                5.00	            13125.00	                5.00
8/25/2002	7	               47.00	           161583.00	                4.00	                4.00	             2625.00	                4.00
9/1/2002	7	               33.00	           313549.00	               18.00	                7.00	            18375.00	                6.00
9/8/2002	7	               12.00	            33615.00	                7.00	                8.00	             7875.00	                7.00
9/15/2002	7	               28.00	           118478.00	                4.00	                4.00	            10500.00	                4.00
9/22/2002	7	               31.00	           516624.00	                7.00	                3.00	             7875.00	                3.00
9/29/2002	7	               79.00	           998193.00	                7.00	               16.00	            10500.00	                6.00
10/6/2002	7	               52.00	           654255.00	                8.00	                9.00	            18375.00	                8.00
10/13/2002	7	               54.00	           521467.00	                8.00	                7.00	            10500.00	                6.00
10/20/2002	7	                4.00	            10500.00	                4.00	                4.00	            10500.00	                4.00
10/27/2002	7	               88.00	          1510766.00	               13.00	               11.00	            23625.00	               11.00
11/3/2002	7	               66.00	           472663.00	               27.00	               11.00	            21000.00	               10.00
11/10/2002	7	               25.00	           119580.00	               20.00	                7.00	            13125.00	                7.00
11/17/2002	7	               41.00	           359640.00	                7.00	                6.00	            13125.00	                6.00
11/24/2002	7	                3.00	             5250.00	                3.00	                1.00	                0.00	                1.00
12/1/2002	7	               37.00	           615836.00	                7.00	                6.00	            13125.00	                6.00
12/8/2002	7	              154.00	          1793932.00	               11.00	                9.00	            10500.00	                6.00
12/15/2002	7	               76.00	          1499820.00	                7.00	                7.00	            10500.00	                7.00
12/22/2002	7	               35.00	           556728.00	               15.00	                4.00	             7875.00	                4.00
12/29/2002	7	               41.00	           501776.00	               11.00	                5.00	            10500.00	                5.00
1/5/2003	7	               62.00	           594932.00	               20.00	                9.00	            13125.00	                9.00
1/12/2003	7	              527.00	          5953730.00	               31.00	               34.00	            52500.00	               18.00
1/19/2003	7	               93.00	          1167603.00	               24.00	               16.00	            31500.00	               15.00
1/26/2003	7	               48.00	           246418.00	               29.00	               12.00	            28875.00	               12.00
2/2/2003	7	               27.00	           230134.00	               12.00	               11.00	            15750.00	               11.00
2/9/2003	7	               82.00	           722720.00	               17.00	               12.00	            23625.00	               12.00
2/16/2003	7	               24.00	            82661.00	               16.00	               14.00	            21000.00	               14.00
2/23/2003	7	               56.00	           989403.00	               20.00	               12.00	            26250.00	               12.00
3/2/2003	7	              106.00	          1160823.00	               42.00	               17.00	            34125.00	               15.00
3/9/2003	7	               74.00	          1171584.00	               24.00	               13.00	            28875.00	               13.00
3/16/2003	7	               20.00	            80484.00	                8.00	                6.00	            10500.00	                6.00
3/23/2003	7	               37.00	           480471.00	               22.00	               13.00	            23625.00	               12.00
3/30/2003	7	               80.00	           857333.00	               26.00	                9.00	            15750.00	                9.00
4/6/2003	7	               82.00	           753865.00	               26.00	               16.00	            26250.00	               16.00
4/13/2003	7	              317.00	          5270952.00	               49.00	               33.00	            73500.00	               31.00
4/20/2003	7	              289.00	          4069006.00	               63.00	               30.00	            63000.00	               29.00
4/27/2003	7	              194.00	          1471883.00	               46.00	               26.00	            57750.00	               26.00
5/4/2003	7	              128.00	          1311640.00	               41.00	               28.00	            52500.00	               27.00
5/11/2003	7	               59.00	           463694.00	               19.00	               10.00	            23625.00	               10.00
5/18/2003	7	               44.00	           411079.00	               13.00	               10.00	            18375.00	                9.00
5/25/2003	7	               39.00	           308129.00	               16.00	                5.00	            10500.00	                4.00
6/1/2003	7	               38.00	           192268.00	               15.00	                8.00	            15750.00	                8.00
6/8/2003	7	               71.00	           584205.00	               22.00	               20.00	            39375.00	               19.00
6/15/2003	7	               35.00	           112934.00	               19.00	               12.00	            18375.00	               11.00
6/22/2003	7	               12.00	             5250.00	                8.00	               10.00	             2625.00	                6.00
6/29/2003	7	                8.00	             7875.00	                8.00	                2.00	             2625.00	                2.00
7/6/2003	7	               11.00	             5250.00	               11.00	                5.00	                0.00	                5.00
7/13/2003	7	                4.00	             2625.00	                4.00	                1.00	                0.00	                1.00
7/20/2003	7	               27.00	           222342.00	                9.00	                6.00	             2625.00	                6.00
7/27/2003	7	              113.00	          1058618.00	               13.00	               11.00	            21000.00	                8.00
8/3/2003	7	               29.00	           147265.00	               20.00	               14.00	            36750.00	               14.00
8/10/2003	7	               46.00	           333524.00	               22.00	               18.00	            39375.00	               18.00
8/17/2003	7	             1406.00	          4341876.00	             1329.00	             1311.00	          3433500.00	             1309.00
8/24/2003	7	             1689.00	          4767095.00	             1650.00	             1652.00	          4333875.00	             1647.00
8/31/2003	7	             1396.00	          4255692.00	             1341.00	             1343.00	          3525375.00	             1340.00
9/7/2003	7	             1250.00	          3767781.00	             1220.00	             1209.00	          3171000.00	             1209.00
9/14/2003	7	             1402.00	          5184338.00	             1332.00	             1306.00	          3417750.00	             1305.00
9/21/2003	7	             1209.00	          3250187.00	             1163.00	             1155.00	          3026625.00	             1154.00
9/28/2003	7	             1067.00	          2995646.00	             1050.00	             1044.00	          2735250.00	             1044.00
10/5/2003	7	             1181.00	          4208644.00	             1116.00	             1109.00	          2892750.00	             1107.00
10/12/2003	7	             1142.00	          3046084.00	             1129.00	             1115.00	          2913750.00	             1115.00
10/19/2003	7	             1214.00	          3789064.00	             1175.00	             1159.00	          3037125.00	             1159.00
10/26/2003	7	             1253.00	          3325592.00	             1250.00	             1244.00	          3262298.00	             1244.00
11/2/2003	7	             1438.00	          5090296.00	             1332.00	             1320.00	          3454500.00	             1319.00
11/9/2003	7	             1285.00	          4418338.00	             1222.00	             1211.00	          3168375.00	             1211.00
11/16/2003	7	              901.00	          3483564.00	              824.00	              834.00	          2134125.00	              816.00
11/23/2003	7	              786.00	          3445404.00	              722.00	              687.00	          1792875.00	              687.00
11/30/2003	7	             1233.00	          3266610.00	             1222.00	             1218.00	          3197250.00	             1218.00
12/7/2003	7	             2458.00	          6568042.00	             2434.00	             2425.00	          6357750.00	             2425.00
12/14/2003	7	             2517.00	          7934192.00	             2383.00	             2363.00	          6181875.00	             2362.00
12/21/2003	7	             2396.00	          6776278.00	             2349.00	             2340.00	          6134625.00	             2339.00
12/28/2003	7	             1769.00	          4653738.00	             1763.00	             1753.00	          4591125.00	             1752.00
1/4/2004	7	              797.00	          3199025.00	              731.00	              725.00	          1900500.00	              725.00
1/11/2004	7	              491.00	          1359790.00	              450.00	              442.00	          1144500.00	              442.00
1/18/2004	7	              353.00	          1578822.00	              323.00	              308.00	           803250.00	              307.00
1/25/2004	7	              315.00	          2139488.00	              233.00	              219.00	           564375.00	              218.00
2/1/2004	7	              209.00	           869423.00	              192.00	              182.00	           467250.00	              182.00
2/8/2004	7	              152.00	           695548.00	              133.00	              124.00	           322875.00	              124.00
2/15/2004	7	              239.00	          1946183.00	              155.00	              141.00	           367500.00	              141.00
2/22/2004	7	              199.00	          1072973.00	              162.00	              150.00	           388500.00	              150.00
2/29/2004	7	              194.00	          1199832.00	              138.00	              123.00	           315000.00	              123.00
3/7/2004	7	              247.00	          2384098.00	              139.00	              134.00	           346500.00	              134.00
3/14/2004	7	              267.00	          2420167.00	              160.00	              129.00	           333375.00	              129.00
3/21/2004	7	              209.00	          1510630.00	              132.00	              120.00	           304500.00	              120.00
3/28/2004	7	              184.00	           957137.00	              144.00	              135.00	           354375.00	              134.00
4/4/2004	7	              176.00	          1075459.00	              128.00	              115.00	           299250.00	              115.00
4/11/2004	7	              142.00	           443979.00	              120.00	              115.00	           296625.00	              115.00
4/18/2004	7	              232.00	          2076288.00	              135.00	              129.00	           333375.00	              127.00
4/25/2004	7	              160.00	          1307045.00	              100.00	              100.00	           257250.00	              100.00
5/2/2004	7	              152.00	          1159489.00	               78.00	               74.00	           189000.00	               73.00
5/9/2004	7	               94.00	           304846.00	               81.00	               79.00	           204750.00	               79.00
5/16/2004	7	              145.00	           684862.00	               88.00	               84.00	           212625.00	               84.00
5/23/2004	7	              138.00	          1512323.00	               70.00	               68.00	           175875.00	               68.00
5/30/2004	7	              118.00	           814285.00	               50.00	               41.00	            99750.00	               41.00
6/6/2004	7	               92.00	           951329.00	               43.00	               34.00	            78750.00	               32.00
6/13/2004	7	               65.00	           227508.00	               42.00	               30.00	            76125.00	               30.00
6/20/2004	7	               58.00	           587537.00	               27.00	               24.00	            63000.00	               24.00
6/27/2004	7	              105.00	           997359.00	               37.00	               21.00	            55125.00	               21.00
7/4/2004	7	               79.00	           684084.00	               26.00	               22.00	            47250.00	               21.00
7/11/2004	7	               99.00	           841294.00	               24.00	               22.00	            47250.00	               19.00
7/18/2004	7	               34.00	           210323.00	               24.00	               19.00	            49875.00	               19.00
7/25/2004	7	               67.00	           270380.00	               25.00	               20.00	            49875.00	               19.00
8/1/2004	7	              101.00	          1395720.00	               25.00	               15.00	            36750.00	               15.00
8/8/2004	7	              150.00	          2385370.00	               34.00	               24.00	            52500.00	               23.00
8/15/2004	7	              188.00	          3159382.00	               26.00	               25.00	            57750.00	               24.00
8/22/2004	7	              165.00	          2365033.00	               35.00	               24.00	            55125.00	               23.00
8/29/2004	7	               47.00	           156611.00	               23.00	               20.00	            44625.00	               20.00
9/5/2004	7	              107.00	           660968.00	               29.00	               18.00	            39375.00	               18.00
9/12/2004	7	              192.00	          2099813.00	               25.00	               22.00	            55125.00	               18.00
9/19/2004	7	               81.00	           729399.00	               35.00	               19.00	            49875.00	               17.00
9/26/2004	7	              112.00	           550610.00	               48.00	               20.00	            52500.00	               20.00
10/3/2004	7	              156.00	          2301622.00	               25.00	               19.00	            49875.00	               17.00
10/10/2004	7	               94.00	           991518.00	               31.00	               17.00	            39375.00	               17.00
10/17/2004	7	              154.00	          1377450.00	               55.00	               25.00	            57750.00	               25.00
10/24/2004	7	              119.00	          1217189.00	               33.00	               20.00	            52500.00	               19.00
10/31/2004	7	               97.00	          1292524.00	               32.00	               21.00	            55125.00	               21.00
11/7/2004	7	              119.00	          1317977.00	               48.00	               22.00	            52500.00	               21.00
11/14/2004	7	              117.00	          1481555.00	               26.00	               13.00	            34125.00	               13.00
11/21/2004	7	               72.00	           442043.00	               21.00	               13.00	            31500.00	               11.00
11/28/2004	7	              157.00	          2097477.00	               35.00	               19.00	            44625.00	               17.00
12/5/2004	7	              190.00	           981540.00	               57.00	               20.00	            44625.00	               17.00
12/12/2004	7	               75.00	           299585.00	               29.00	               17.00	            36750.00	               16.00
12/19/2004	7	              150.00	           621112.00	               33.00	               21.00	            39375.00	               18.00
12/26/2004	7	               41.00	           755837.00	               13.00	                3.00	             5250.00	                3.00
1/2/2005	7	              104.00	           905317.00	               19.00	               12.00	            23625.00	               11.00
1/9/2005	7	               70.00	           337209.00	               38.00	               19.00	            47250.00	               19.00
1/16/2005	7	               65.00	           214064.00	               35.00	               15.00	            34125.00	               15.00
1/23/2005	7	               93.00	           688700.00	               38.00	               17.00	            42000.00	               17.00
1/30/2005	7	              163.00	          1978009.00	               46.00	               19.00	            42000.00	               19.00
2/6/2005	7	               53.00	           193791.00	               31.00	               18.00	            42000.00	               18.00
2/13/2005	7	               83.00	           713217.00	               32.00	               13.00	            28875.00	               13.00
2/20/2005	7	               56.00	           334487.00	               40.00	               19.00	            44625.00	               19.00
2/27/2005	7	               48.00	           477713.00	               38.00	               17.00	            36750.00	               16.00
3/6/2005	7	               91.00	           617390.00	               51.00	               23.00	            55125.00	               23.00
3/13/2005	7	               54.00	           131482.00	               27.00	               19.00	            47250.00	               19.00
3/20/2005	7	              142.00	          1325679.00	               59.00	               22.00	            47250.00	               21.00
3/27/2005	7	               72.00	           438231.00	               48.00	               32.00	            78750.00	               32.00
4/3/2005	7	               59.00	           280740.00	               40.00	               19.00	            44625.00	               19.00
4/10/2005	7	               65.00	           728121.00	               38.00	               21.00	            52500.00	               21.00
4/17/2005	7	              138.00	          1261012.00	               71.00	               30.00	            68250.00	               30.00
4/24/2005	7	              153.00	          1241941.00	               81.00	               40.00	            89250.00	               38.00
5/1/2005	7	               78.00	           190524.00	               50.00	               34.00	            78750.00	               32.00
5/8/2005	7	              101.00	           492349.00	               50.00	               33.00	            86625.00	               33.00
5/15/2005	7	              172.00	          2338302.00	               57.00	               33.00	            84000.00	               33.00
5/22/2005	7	               54.00	           651453.00	               33.00	               19.00	            47250.00	               19.00
5/29/2005	7	              137.00	          1766154.00	               45.00	               31.00	            76125.00	               31.00
6/5/2005	7	               94.00	          1056147.00	               40.00	               27.00	            63000.00	               27.00
6/12/2005	7	              163.00	          1772579.00	               63.00	               41.00	            97125.00	               41.00
6/19/2005	7	              121.00	           753657.00	               77.00	               49.00	           123375.00	               49.00
6/26/2005	7	              111.00	           623600.00	               71.00	               50.00	           128625.00	               49.00
7/3/2005	7	              139.00	           792596.00	              117.00	               95.00	           246750.00	               95.00
7/10/2005	7	              123.00	           724282.00	               94.00	               77.00	           202125.00	               77.00
7/17/2005	7	              146.00	          1275467.00	               79.00	               62.00	           160125.00	               62.00
7/24/2005	7	              130.00	           521784.00	               70.00	               55.00	           141750.00	               54.00
7/31/2005	7	               61.00	           371318.00	               39.00	               35.00	            86625.00	               35.00
8/7/2005	7	               91.00	           949295.00	               53.00	               47.00	           123375.00	               47.00
8/14/2005	7	               68.00	           270489.00	               52.00	               46.00	           118125.00	               46.00
8/21/2005	7	              184.00	          1385264.00	              132.00	              131.00	           343875.00	              131.00
8/28/2005	7	              318.00	          1278204.00	              282.00	              276.00	           719250.00	              276.00
9/4/2005	7	               75.00	           558059.00	               61.00	               54.00	           141750.00	               54.00
9/11/2005	7	              132.00	           658628.00	               62.00	               56.00	           144375.00	               55.00
9/18/2005	7	              131.00	          1330685.00	               45.00	               38.00	            94500.00	               36.00
9/25/2005	7	               79.00	           249028.00	               58.00	               44.00	           115500.00	               44.00
10/2/2005	7	              108.00	          1183468.00	               57.00	               55.00	           144375.00	               50.00
10/9/2005	7	               86.00	           609722.00	               58.00	               52.00	           131250.00	               51.00
10/16/2005	7	               93.00	           465142.00	               55.00	               51.00	           128625.00	               50.00
10/23/2005	7	               99.00	           978598.00	               54.00	               44.00	           112875.00	               44.00
10/30/2005	7	              119.00	           589129.00	               68.00	               45.00	           112875.00	               44.00
11/6/2005	7	               78.00	           325793.00	               52.00	               54.00	           141750.00	               43.00
11/13/2005	7	               67.00	           257695.00	               54.00	               41.00	           107625.00	               41.00
11/20/2005	7	               96.00	           372936.00	               56.00	               51.00	           131250.00	               50.00
11/27/2005	7	               85.00	          1505373.00	               46.00	               42.00	           105000.00	               42.00
12/4/2005	7	              107.00	          1064761.00	               49.00	               36.00	            91875.00	               35.00
12/11/2005	7	               73.00	           706527.00	               53.00	               35.00	            86625.00	               34.00
12/18/2005	7	              104.00	           539914.00	               63.00	               57.00	           141750.00	               56.00
12/25/2005	7	              121.00	           799100.00	               66.00	               47.00	           123375.00	               47.00
1/1/2006	7	              140.00	          1259919.00	               96.00	               66.00	           165375.00	               65.00
1/8/2006	7	              105.00	           923706.00	               60.00	               45.00	           112875.00	               45.00
1/15/2006	7	              129.00	           802058.00	               68.00	               51.00	           128625.00	               49.00
1/22/2006	7	               80.00	           368120.00	               57.00	               39.00	            99750.00	               39.00
1/29/2006	7	               86.00	           734135.00	               55.00	               51.00	           123375.00	               50.00
2/5/2006	7	               81.00	           343088.00	               58.00	               44.00	           115500.00	               44.00
2/12/2006	7	              133.00	          1065900.00	               53.00	               52.00	           131250.00	               48.00
2/19/2006	7	              140.00	           632636.00	               66.00	               52.00	           133875.00	               51.00
2/26/2006	7	              214.00	          2554654.00	               84.00	               60.00	           147500.00	               60.00
3/5/2006	7	              126.00	           736928.00	               73.00	               61.00	           157500.00	               61.00
3/12/2006	7	              125.00	          1304529.00	               73.00	               59.00	           152250.00	               59.00
3/19/2006	7	               82.00	           234578.00	               64.00	               49.00	           110250.00	               49.00
3/26/2006	7	              139.00	           895447.00	               75.00	               61.00	           152250.00	               61.00
4/2/2006	7	              160.00	          1384907.00	               76.00	               63.00	           154875.00	               63.00
4/9/2006	7	              176.00	          1528291.00	               75.00	               57.00	           139125.00	               56.00
4/16/2006	7	              104.00	           365086.00	               74.00	               54.00	           136500.00	               52.00
4/23/2006	7	              127.00	           606146.00	               71.00	               59.00	           149625.00	               58.00
4/30/2006	7	              132.00	          1371067.00	               78.00	               57.00	           141750.00	               57.00
5/7/2006	7	              137.00	           890728.00	               90.00	               72.00	           181125.00	               72.00
5/14/2006	7	              142.00	          1236576.00	               82.00	               61.00	           141750.00	               59.00
5/21/2006	7	              149.00	          1151865.00	               77.00	               56.00	           133875.00	               56.00
5/28/2006	7	              143.00	          1559444.00	               71.00	               56.00	           141750.00	               56.00
6/4/2006	7	              191.00	          1065976.00	               79.00	               66.00	           165375.00	               65.00
6/11/2006	7	              465.00	          5367595.00	               93.00	               74.00	           175875.00	               72.00
6/18/2006	7	              134.00	           808370.00	               71.00	               47.00	           118125.00	               47.00
6/25/2006	7	              129.00	          1058958.00	               69.00	               55.00	           133875.00	               55.00
7/2/2006	7	              158.00	          2036014.00	               74.00	               49.00	           123375.00	               49.00
7/9/2006	7	              157.00	           989133.00	               74.00	               57.00	           136500.00	               56.00
7/16/2006	7	              176.00	          1588767.00	               80.00	               65.00	           168000.00	               65.00
7/23/2006	7	              146.00	           992665.00	               83.00	               62.00	           154875.00	               62.00
7/30/2006	7	              172.00	          1130835.00	               77.00	               63.00	           147000.00	               62.00
8/6/2006	7	              147.00	          1069625.00	               71.00	               56.00	           131250.00	               54.00
8/13/2006	7	              285.00	          2497708.00	               61.00	               49.00	           112875.00	               46.00
8/20/2006	7	              314.00	          3080141.00	               81.00	               62.00	           152250.00	               60.00
8/27/2006	7	              105.00	          1052390.00	               67.00	               46.00	           115500.00	               46.00
9/3/2006	7	              134.00	          1549037.00	               53.00	               42.00	            97125.00	               42.00
9/10/2006	7	               89.00	           371719.00	               61.00	               49.00	           120750.00	               48.00
9/17/2006	7	               80.00	           255062.00	               73.00	               62.00	           160125.00	               60.00
9/24/2006	7	               70.00	           226354.00	               67.00	               50.00	           126000.00	               50.00
10/1/2006	7	               74.00	           276209.00	               65.00	               45.00	           107625.00	               45.00
10/8/2006	7	               89.00	           367497.00	               57.00	               46.00	           110250.00	               46.00
10/15/2006	7	               85.00	           473735.00	               61.00	               49.00	           115500.00	               48.00
10/22/2006	7	              110.00	           942499.00	               59.00	               48.00	           110250.00	               47.00
10/29/2006	7	              242.00	          3431028.00	               82.00	               66.00	           160125.00	               65.00
11/5/2006	7	               75.00	           525530.00	               61.00	               52.00	           120750.00	               52.00
11/12/2006	7	              118.00	           424724.00	               79.00	               53.00	           123375.00	               45.00
11/19/2006	7	               76.00	           189245.00	               48.00	               44.00	           102375.00	               40.00
11/26/2006	7	              113.00	           732703.00	               70.00	               43.00	           102375.00	               43.00
12/3/2006	7	              131.00	          1182310.00	               68.00	               54.00	           126000.00	               54.00
12/10/2006	7	              172.00	          1794742.00	               69.00	               48.00	           112875.00	               48.00
12/17/2006	7	               72.00	           308422.00	               58.00	               42.00	            94500.00	               42.00
12/24/2006	7	              140.00	          1596979.00	               82.00	               54.00	           123375.00	               54.00
12/31/2006	7	               63.00	           217253.00	               56.00	               43.00	           105000.00	               43.00
1/7/2007	7	               64.00	           331725.00	               48.00	               35.00	            91875.00	               35.00
1/14/2007	7	              169.00	           584354.00	               66.00	               50.00	           126000.00	               46.00
1/21/2007	7	              154.00	          1415855.00	               96.00	               34.00	            89250.00	               33.00
1/28/2007	7	               91.00	           508505.00	               65.00	               42.00	           110250.00	               41.00
2/4/2007	7	               96.00	           624247.00	               58.00	               39.00	            99750.00	               36.00
2/11/2007	7	              100.00	           759526.00	               74.00	               38.00	            97125.00	               36.00
2/18/2007	7	               89.00	           464477.00	               52.00	               40.00	           105000.00	               35.00
2/25/2007	7	              124.00	          1471946.00	               74.00	               38.00	            99750.00	               37.00
3/4/2007	7	              114.00	          1280216.00	               68.00	               38.00	            97125.00	               38.00
3/11/2007	7	              155.00	          1521927.00	               83.00	               44.00	           115500.00	               42.00
3/18/2007	7	              184.00	          2411967.00	               81.00	               53.00	           128625.00	               53.00
3/25/2007	7	              194.00	          2694237.00	               85.00	               41.00	           102375.00	               40.00
4/1/2007	7	              143.00	          2563986.00	               67.00	               40.00	           102375.00	               38.00
4/8/2007	7	              158.00	          1724001.00	               76.00	               50.00	           128625.00	               47.00
4/15/2007	7	              121.00	          1090531.00	               66.00	               50.00	           120750.00	               50.00
4/22/2007	7	               90.00	           443296.00	               81.00	               33.00	            78750.00	               33.00
4/29/2007	7	               94.00	           768525.00	               65.00	               45.00	           110250.00	               44.00
5/6/2007	7	               78.00	           566733.00	               72.00	               41.00	            99750.00	               41.00
5/13/2007	7	               97.00	           997493.00	               54.00	               34.00	            81375.00	               34.00
5/20/2007	7	              130.00	          1041167.00	               83.00	               45.00	           110250.00	               45.00
5/27/2007	7	              118.00	          1685728.00	               55.00	               29.00	            73500.00	               29.00
6/3/2007	7	              119.00	           940145.00	               71.00	               45.00	           112875.00	               42.00
6/10/2007	7	              109.00	          1069404.00	               68.00	               45.00	           107625.00	               45.00
6/17/2007	7	              139.00	          1119839.00	               69.00	               49.00	           126000.00	               41.00
6/24/2007	7	              113.00	           954362.00	               68.00	               48.00	           115500.00	               46.00
7/1/2007	7	              106.00	           840048.00	               58.00	               33.00	            76125.00	               33.00
7/8/2007	7	              182.00	          2544862.00	               67.00	               33.00	            70875.00	               32.00
7/15/2007	7	              200.00	          2305609.00	               85.00	               55.00	           120750.00	               54.00
7/22/2007	7	              160.00	          2121940.00	               64.00	               37.00	            84000.00	               36.00
7/29/2007	7	              262.00	          3557043.00	              100.00	               44.00	            86625.00	               44.00
8/5/2007	7	              156.00	          2435816.00	               85.00	               40.00	            89250.00	               39.00
8/12/2007	7	              106.00	           827200.00	               59.00	               40.00	            99750.00	               40.00
8/19/2007	7	              101.00	           971771.00	               66.00	               32.00	            73500.00	               32.00
8/26/2007	7	              163.00	          2308327.00	               73.00	               34.00	            76125.00	               34.00
9/2/2007	7	              146.00	          1470695.00	               81.00	               55.00	           128625.00	               53.00
9/9/2007	7	              195.00	          2876783.00	               87.00	               44.00	            99750.00	               43.00
9/16/2007	7	              150.00	          1084073.00	               69.00	               46.00	           110250.00	               46.00
9/23/2007	7	              123.00	           741558.00	               80.00	               52.00	           120750.00	               51.00
9/30/2007	7	               97.00	           457521.00	               58.00	               38.00	            89250.00	               38.00
10/7/2007	7	               62.00	           536492.00	               49.00	               32.00	            81375.00	               32.00
10/14/2007	7	              133.00	          1055882.00	               68.00	               37.00	            97125.00	               37.00
10/21/2007	7	              106.00	          1248945.00	               71.00	               33.00	            84000.00	               33.00
10/28/2007	7	               86.00	          1482151.00	               59.00	               29.00	            73500.00	               29.00
11/4/2007	7	              130.00	          1428722.00	               61.00	               32.00	            76125.00	               32.00
11/11/2007	7	               75.00	           286460.00	               48.00	               37.00	            97125.00	               37.00
11/18/2007	7	               86.00	           957438.00	               50.00	               31.00	            76125.00	               31.00
11/25/2007	7	              172.00	          2172815.00	               65.00	               40.00	           102375.00	               40.00
12/2/2007	7	              196.00	          2312460.00	               71.00	               50.00	           118125.00	               49.00
12/9/2007	7	              205.00	          2449205.00	               79.00	               57.00	           147000.00	               57.00
12/16/2007	7	              169.00	          1924806.00	               57.00	               28.00	            70875.00	               28.00
12/23/2007	7	              294.00	          4926332.00	               65.00	               40.00	            97125.00	               40.00
12/30/2007	7	              220.00	          3596757.00	               69.00	               32.00	            76125.00	               31.00
1/6/2008	7	              294.00	          3108475.00	               70.00	               45.00	           102375.00	               45.00
1/13/2008	7	              187.00	          2535603.00	               90.00	               50.00	           126000.00	               50.00
1/20/2008	7	              135.00	          1570355.00	               69.00	               43.00	           105000.00	               43.00
1/27/2008	7	               65.00	           768694.00	               39.00	               23.00	            57750.00	               23.00
2/3/2008	7	               87.00	          1060368.00	               57.00	               39.00	            99750.00	               38.00
2/10/2008	7	              186.00	          2853298.00	               84.00	               40.00	           102375.00	               40.00
2/17/2008	7	               86.00	           373450.00	               49.00	               33.00	            84000.00	               33.00
2/24/2008	7	               68.00	          1028618.00	               53.00	               29.00	            70875.00	               29.00
3/2/2008	7	              108.00	           577153.00	               56.00	               28.00	            70875.00	               28.00
3/9/2008	7	              130.00	           905151.00	               68.00	               38.00	            99750.00	               38.00
3/16/2008	7	              172.00	          2281187.00	               60.00	               31.00	            78750.00	               31.00
3/23/2008	7	              114.00	          1565340.00	               45.00	               32.00	            81375.00	               32.00
3/30/2008	7	               75.00	           973805.00	               43.00	               24.00	            57750.00	               24.00
4/6/2008	7	              135.00	          1496562.00	               48.00	               32.00	            78750.00	               31.00
4/13/2008	7	               86.00	          1236246.00	               53.00	               27.00	            70875.00	               27.00
4/20/2008	7	               96.00	          1519821.00	               44.00	               26.00	            63000.00	               24.00
4/27/2008	7	               92.00	          1041520.00	               49.00	               35.00	            84000.00	               33.00
5/4/2008	7	              113.00	          1631168.00	               52.00	               31.00	            73500.00	               29.00
5/11/2008	7	              107.00	           981379.00	               54.00	               36.00	            91875.00	               33.00
5/18/2008	7	              114.00	          1731183.00	               62.00	               29.00	            70875.00	               27.00
5/25/2008	7	              138.00	          1590413.00	               99.00	               22.00	            57750.00	               20.00
6/1/2008	7	              103.00	           758919.00	               78.00	               28.00	            68250.00	               26.00
6/8/2008	7	              658.00	          7250413.00	               82.00	               57.00	           128625.00	               43.00
6/15/2008	7	              173.00	          2920437.00	               90.00	               34.00	            89250.00	               32.00
6/22/2008	7	               35.00	            89537.00	               35.00	               29.00	            76125.00	               29.00
6/29/2008	7	              315.00	          3935973.00	               87.00	               42.00	           105000.00	               38.00
7/6/2008	7	              179.00	          3767785.00	               96.00	               33.00	            81375.00	               31.00
7/13/2008	7	              116.00	          1721910.00	               80.00	               31.00	            81375.00	               28.00
7/20/2008	7	              177.00	          4247394.00	               70.00	               27.00	            70875.00	               25.00
7/27/2008	7	              106.00	          1711370.00	               71.00	               41.00	            99750.00	               37.00
8/3/2008	7	              172.00	          2252032.00	               93.00	               34.00	            89250.00	               32.00
8/10/2008	7	              114.00	          2056905.00	               57.00	               27.00	            70875.00	               25.00
8/17/2008	7	              155.00	          2584633.00	              121.00	               29.00	            68250.00	               27.00
8/24/2008	7	              111.00	          1347081.00	               98.00	               25.00	            65625.00	               23.00
8/31/2008	7	              100.00	           916122.00	               66.00	               33.00	            81375.00	               31.00
9/7/2008	7	              114.00	          2305702.00	               77.00	               41.00	           102375.00	               38.00
9/14/2008	7	               89.00	           827748.00	               51.00	               33.00	            84000.00	               30.00
9/21/2008	7	              165.00	          2854704.00	               72.00	               34.00	            89250.00	               32.00
9/28/2008	7	              132.00	          2448862.00	               88.00	               37.00	            89250.00	               32.00
10/5/2008	7	              118.00	          1725450.00	               89.00	               23.00	            57750.00	               20.00
10/12/2008	7	              118.00	          2485383.00	               98.00	               22.00	            55125.00	               20.00
10/19/2008	7	              162.00	          2654310.00	               92.00	               37.00	            91875.00	               35.00
10/26/2008	7	              127.00	          2113457.00	               88.00	               27.00	            68250.00	               24.00
11/2/2008	7	              154.00	          3121178.00	               97.00	               35.00	            89250.00	               33.00
11/9/2008	7	              134.00	          2315961.00	              107.00	               35.00	            89250.00	               31.00
11/16/2008	7	              171.00	          2015853.00	               83.00	               43.00	           110250.00	               39.00
11/23/2008	7	              128.00	          1591883.00	               77.00	               35.00	            89250.00	               32.00
11/30/2008	7	              188.00	          2696338.00	              104.00	               36.00	            91875.00	               35.00
12/7/2008	7	              166.00	          2714387.00	               87.00	               37.00	            97125.00	               33.00
12/14/2008	7	              106.00	          1222062.00	               71.00	               35.00	            91875.00	               32.00
12/21/2008	7	              121.00	          2017117.00	               74.00	               27.00	            68250.00	               27.00
12/28/2008	7	               91.00	          1223847.00	               84.00	               27.00	            68250.00	               25.00
1/4/2009	7	              173.00	          3778917.00	              106.00	               35.00	            89250.00	               35.00
1/11/2009	7	               99.00	          1748682.00	               86.00	               31.00	            78750.00	               28.00
1/18/2009	7	              148.00	          1903321.00	              113.00	               42.00	           107625.00	               42.00
1/25/2009	7	               98.00	          1898565.00	               76.00	               28.00	            70875.00	               26.00
2/1/2009	7	              199.00	          4104164.00	              100.00	               40.00	           105000.00	               40.00
2/8/2009	7	               96.00	          1927456.00	               73.00	               27.00	            63000.00	               24.00
2/15/2009	7	              132.00	          2492656.00	              115.00	               25.00	            63000.00	               25.00
2/22/2009	7	              151.00	          2234251.00	              129.00	               32.00	            81375.00	               30.00
3/1/2009	7	              172.00	          2714525.00	              113.00	               30.00	            70875.00	               30.00
3/8/2009	7	              113.00	          2151080.00	              105.00	               24.00	            63000.00	               22.00
3/15/2009	7	              122.00	          2168422.00	               91.00	               32.00	            81375.00	               32.00
3/22/2009	7	              139.00	          2072191.00	               73.00	               25.00	            63000.00	               24.00
3/29/2009	7	              121.00	          2121909.00	               79.00	               31.00	            76125.00	               29.00
4/5/2009	7	               69.00	          1367568.00	               61.00	               20.00	            49875.00	               20.00
4/12/2009	7	              105.00	          2294083.00	               69.00	               31.00	            81375.00	               26.00
4/19/2009	7	               99.00	          1426979.00	               70.00	               30.00	            78750.00	               30.00
4/26/2009	7	               83.00	          1689424.00	               72.00	               23.00	            55125.00	               21.00
5/3/2009	7	              131.00	          2176674.00	               97.00	               27.00	            68250.00	               26.00
5/10/2009	7	              212.00	          2378508.00	               94.00	               28.00	            70875.00	               26.00
5/17/2009	7	               88.00	          1438741.00	               63.00	               23.00	            57750.00	               23.00
5/24/2009	7	              133.00	          2490213.00	               83.00	               26.00	            68250.00	               26.00
5/31/2009	7	              108.00	          2217147.00	               67.00	               21.00	            49875.00	               21.00
6/7/2009	7	              159.00	          3221544.00	               91.00	               32.00	            81375.00	               32.00
6/14/2009	7	              118.00	          1188294.00	               84.00	               31.00	            81375.00	               29.00
6/21/2009	7	               75.00	          1673653.00	               73.00	               22.00	            55125.00	               22.00
6/28/2009	7	              210.00	          1439499.00	               63.00	               29.00	            70875.00	               25.00
7/5/2009	7	              161.00	          2393945.00	               81.00	               35.00	            86625.00	               35.00
7/12/2009	7	               93.00	          1722414.00	               70.00	               23.00	            60375.00	               23.00
7/19/2009	7	              149.00	          2232158.00	               73.00	               29.00	            70875.00	               28.00
7/26/2009	7	              217.00	          2661284.00	               91.00	               38.00	            94500.00	               34.00
8/2/2009	7	              174.00	          3240315.00	              143.00	               25.00	            60375.00	               25.00
8/9/2009	7	              111.00	          1798073.00	               84.00	               22.00	            55125.00	               21.00
8/16/2009	7	              158.00	          2799413.00	               92.00	               32.00	            81375.00	               32.00
8/23/2009	7	              176.00	          3139984.00	              100.00	               37.00	            89250.00	               32.00
8/30/2009	7	              135.00	          2046053.00	               95.00	               32.00	            76125.00	               30.00
9/6/2009	7	              168.00	          2662901.00	               94.00	               30.00	            70875.00	               29.00
9/13/2009	7	              105.00	          1250594.00	               83.00	               28.00	            73500.00	               26.00
9/20/2009	7	              147.00	          2416387.00	               74.00	               25.00	            57750.00	               24.00
9/27/2009	7	               82.00	          1588081.00	               66.00	               27.00	            65625.00	               26.00
10/4/2009	7	              106.00	          1879267.00	               85.00	               33.00	            84000.00	               31.00
10/11/2009	7	               97.00	           854038.00	               70.00	               30.00	            76125.00	               28.00
10/18/2009	7	               88.00	          1372868.00	               82.00	               22.00	            52500.00	               22.00
10/25/2009	7	               94.00	          1087065.00	               59.00	               25.00	            65625.00	               24.00
11/1/2009	7	               94.00	          1096073.00	               71.00	               23.00	            55125.00	               22.00
11/8/2009	7	              113.00	          1515452.00	               89.00	               26.00	            65625.00	               22.00
11/15/2009	7	              122.00	          2241337.00	               76.00	               22.00	            57750.00	               21.00
11/22/2009	7	               81.00	          1270999.00	               75.00	               20.00	            49875.00	               20.00
11/29/2009	7	               79.00	          1193202.00	               70.00	               19.00	            42000.00	               19.00
12/6/2009	7	               71.00	          1102659.00	               65.00	               26.00	            68250.00	               25.00
12/13/2009	7	               83.00	          1193205.00	               65.00	               24.00	            60375.00	               22.00
12/20/2009	7	               79.00	           641883.00	               49.00	               25.00	            65625.00	               19.00
12/27/2009	7	               79.00	          1457376.00	               68.00	               21.00	            49875.00	               20.00
1/3/2010	7	              171.00	          2422646.00	               95.00	               29.00	            70875.00	               28.00
1/10/2010	7	              123.00	           559262.00	               52.00	               26.00	            49126.00	               23.00
